name: lstm
channels:
  - defaults
  - conda-forge
dependencies:
  - asttokens=2.4.1=pyhd8ed1ab_0
  - attrs=23.1.0=py39haa95532_0
  - beautifulsoup4=4.12.2=py39haa95532_0
  - bleach=4.1.0=pyhd3eb1b0_0
  - bzip2=1.0.8=hcfcfb64_5
  - ca-certificates=2024.3.11=haa95532_0
  - cffi=1.16.0=py39h2bbff1b_1
  - colorama=0.4.6=pyhd8ed1ab_0
  - comm=0.2.2=pyhd8ed1ab_0
  - cryptography=42.0.5=py39h89fc84f_1
  - debugpy=1.8.1=py39h99910a6_0
  - decorator=5.1.1=pyhd8ed1ab_0
  - defusedxml=0.7.1=pyhd3eb1b0_0
  - exceptiongroup=1.2.0=pyhd8ed1ab_2
  - executing=2.0.1=pyhd8ed1ab_0
  - importlib-metadata=7.1.0=pyha770c72_0
  - importlib_metadata=7.1.0=hd8ed1ab_0
  - ipykernel=6.29.3=pyha63f2e9_0
  - ipython=8.18.1=pyh7428d3b_3
  - jedi=0.19.1=pyhd8ed1ab_0
  - jsonschema=4.19.2=py39haa95532_0
  - jsonschema-specifications=2023.7.1=py39haa95532_0
  - jupyter_client=8.6.1=pyhd8ed1ab_0
  - jupyter_core=5.7.2=py39hcbf5309_0
  - jupyterlab_pygments=0.2.2=py39haa95532_0
  - libffi=3.4.2=h8ffe710_5
  - libsodium=1.0.18=h8d14728_1
  - libsqlite=3.45.3=hcfcfb64_0
  - libzlib=1.2.13=hcfcfb64_5
  - markupsafe=2.1.3=py39h2bbff1b_0
  - matplotlib-inline=0.1.7=pyhd8ed1ab_0
  - mistune=2.0.4=py39haa95532_0
  - nbclient=0.8.0=py39haa95532_0
  - nbconvert=7.10.0=py39haa95532_0
  - nbformat=5.9.2=py39haa95532_0
  - nest-asyncio=1.6.0=pyhd8ed1ab_0
  - openssl=3.2.1=hcfcfb64_1
  - packaging=24.0=pyhd8ed1ab_0
  - pandocfilters=1.5.0=pyhd3eb1b0_0
  - parso=0.8.4=pyhd8ed1ab_0
  - pickleshare=0.7.5=py_1003
  - pip=23.3.1=py39haa95532_0
  - platformdirs=4.2.0=pyhd8ed1ab_0
  - prompt-toolkit=3.0.42=pyha770c72_0
  - psutil=5.9.8=py39ha55989b_0
  - pure_eval=0.2.2=pyhd8ed1ab_0
  - pycparser=2.21=pyhd3eb1b0_0
  - pygments=2.17.2=pyhd8ed1ab_0
  - python=3.9.19=h4de0772_0_cpython
  - python-fastjsonschema=2.16.2=py39haa95532_0
  - python_abi=3.9=4_cp39
  - pywin32=306=py39h99910a6_2
  - pyzmq=26.0.0=py39h7eaf5a6_0
  - referencing=0.30.2=py39haa95532_0
  - rpds-py=0.10.6=py39h062c2fa_0
  - setuptools=68.2.2=py39haa95532_0
  - six=1.16.0=pyh6c4a22f_0
  - soupsieve=2.5=py39haa95532_0
  - sqlite=3.41.2=h2bbff1b_0
  - stack_data=0.6.2=pyhd8ed1ab_0
  - tinycss2=1.2.1=py39haa95532_0
  - tk=8.6.13=h5226925_1
  - tornado=6.4=py39ha55989b_0
  - traitlets=5.14.2=pyhd8ed1ab_0
  - typing_extensions=4.11.0=pyha770c72_0
  - tzdata=2024a=h04d1e81_0
  - ucrt=10.0.22621.0=h57928b3_0
  - vc=14.2=h21ff451_1
  - vc14_runtime=14.38.33130=h82b7239_18
  - vs2015_runtime=14.38.33130=hcb4865c_18
  - wcwidth=0.2.13=pyhd8ed1ab_0
  - webencodings=0.5.1=py39haa95532_1
  - wheel=0.41.2=py39haa95532_0
  - xz=5.2.6=h8d14728_0
  - zeromq=4.3.5=h63175ca_1
  - pip:
      - certifi==2022.12.7
      - charset-normalizer==2.1.1
      - click==8.1.7
      - contourpy==1.2.1
      - cycler==0.12.1
      - fandango==15.8.0
      - filelock==3.9.0
      - fonttools==4.51.0
      - future==1.0.0
      - h5py==3.11.0
      - idna==3.4
      - importlib-resources==6.4.0
      - jinja2==3.1.2
      - kiwisolver==1.4.5
      - matplotlib==3.8.4
      - mpmath==1.3.0
      - networkx==3.2.1
      - numpy==1.24.1
      - panic==9.3.4
      - pillow==10.2.0
      - pint==0.23
      - pyasn1==0.6.0
      - pyparsing==3.1.2
      - pytango==9.5.1
      - python-dateutil==2.9.0.post0
      - requests==2.28.1
      - rsa==4.9
      - sympy==1.12
      - taurus==5.1.8
      - tex==1.8
      - torch==2.0.1+cu117
      - torchaudio==2.0.2+cu117
      - torchvision==0.15.2+cu117
      - typing-extensions==4.8.0
      - urllib3==1.26.13
      - zipp==3.18.1
prefix: D:\Anaconda\envs\lstm
